0 0.9735042735042735 0.052830188679245285 0.04957264957264957 0.10566037735849057
0 0.8914529914529915 0.14528301886792452 0.21367521367521367 0.29056603773584905
0 0.9957264957264957 0.1018867924528302 0.005128205128205128 0.18867924528301888
0 0.9555555555555556 0.5490566037735849 0.08547008547008547 0.1471698113207547
0 0.7364102564102565 0.624679245283019 0.29066666666666663 0.35264150943396244
0 0.9384615384615385 0.7132075471698113 0.11965811965811966 0.1660377358490566
0 0.30820512820512824 0.7824905660377359 0.2920512820512821 0.4349811320754716
0 0.46923076923076923 0.8 0.10427350427350428 0.39245283018867927
0 0.6547008547008547 0.8056603773584906 0.252991452991453 0.38113207547169814
0 0.152991452991453 0.8264150943396227 0.15555555555555556 0.33962264150943394
0 0.8606837606837607 0.8886792452830189 0.27863247863247864 0.21509433962264152
0 0.994017094017094 0.9037735849056604 0.011965811965811967 0.18490566037735848