0 0.9444444444444444 0.05471698113207547 0.1076923076923077 0.10943396226415095
0 0.9965811965811966 0.1471698113207547 0.003418803418803419 0.2943396226415094
0 0.9034188034188034 0.10377358490566038 0.18974358974358974 0.19245283018867926
0 0.4419487179487179 0.20732075471698114 0.05671794871794883 0.36181132075471695
0 0.8491794871794871 0.4808679245283019 0.103145299145299 0.14045283018867935
0 0.964957264957265 0.5509433962264151 0.06666666666666667 0.1509433962264151
0 0.7623076923076924 0.5889811320754716 0.13025641025641033 0.17143396226415075
0 0.8752820512820512 0.6033584905660376 0.08823931623931605 0.13162264150943395
0 0.9837606837606837 0.7150943396226415 0.02905982905982906 0.16981132075471697
0 0.8912991452991452 0.7248679245283018 0.11528205128205138 0.2236603773584905
0 0.7449059829059829 0.7512830188679245 0.17003418803418807 0.21475471698113197
0 0.5854871794871794 0.8356603773584905 0.15579487179487198 0.32864150943396236
0 0.982051282051282 0.8886792452830189 0.03247863247863248 0.21509433962264152
0 0.8452991452991453 0.9037735849056604 0.305982905982906 0.18490566037735848
0 0.4324786324786325 0.9283018867924528 0.15042735042735042 0.13584905660377358