0 0.0547008547008547 0.052830188679245285 0.1094017094017094 0.10566037735849057
0 0.002564102564102564 0.14528301886792452 0.005128205128205128 0.29056603773584905
0 0.09572649572649573 0.1018867924528302 0.19145299145299147 0.18867924528301888
0 0.5580512820512821 0.20732075471698114 0.05671794871794883 0.36181132075471695
0 0.15082051282051284 0.4808679245283019 0.103145299145299 0.14045283018867935
0 0.03418803418803419 0.5490566037735849 0.06837606837606838 0.1471698113207547
0 0.23769230769230762 0.5889811320754716 0.13025641025641033 0.17143396226415075
0 0.12471794871794878 0.6033584905660376 0.08823931623931605 0.13162264150943395
0 0.015384615384615385 0.7132075471698113 0.03076923076923077 0.1660377358490566
0 0.10870085470085475 0.7248679245283018 0.11528205128205138 0.2236603773584905
0 0.25509401709401713 0.7512830188679245 0.17003418803418807 0.21475471698113197
0 0.4145128205128205 0.8356603773584905 0.15579487179487198 0.32864150943396236
0 0.017948717948717947 0.8886792452830189 0.035897435897435895 0.21509433962264152
0 0.1547008547008547 0.9037735849056604 0.3094017094017094 0.18490566037735848
0 0.5675213675213675 0.9283018867924528 0.15042735042735042 0.13584905660377358