0 0.22666666666666666 0.0775 0.45 0.155
0 0.8141666666666667 0.225 0.36833333333333335 0.45
0 0.5971 0.24680000000000007 0.1948 0.2923500000000001
0 0.25025000000000003 0.28870000000000007 0.2989833333333333 0.3136250000000001
0 0.09413333333333333 0.33307500000000007 0.18825 0.2649000000000001
0 0.35756666666666664 0.38405 0.2822166666666666 0.37310000000000004
0 0.44421666666666665 0.589025 0.19225000000000003 0.19557500000000005
0 0.3915166666666667 0.6803 0.17681666666666662 0.1531
0 0.8625 0.705 0.27166666666666667 0.39
0 0.3400333333333334 0.79785 0.23271666666666666 0.13817499999999996
0 0.115 0.835 0.23 0.325
0 0.8691666666666666 0.88875 0.26166666666666666 0.2175
0 0.27 0.9075 0.26666666666666666 0.18