0 0.8072833333333334 0.31245 0.19528333333333345 0.2549
0 0.6104166666666667 0.3934 0.09848333333333338 0.22305000000000008
0 0.28426666666666667 0.40092500000000003 0.4621500000000001 0.288075
0 0.9383333333333334 0.4175 0.12 0.23
0 0.7037333333333333 0.05344999999999999 0.16843333333333324 0.106875
0 0.11443333333333333 0.5991 0.2273666666666667 0.3469749999999999
0 0.314 0.0611 0.10149999999999997 0.1222
0 0.20141666666666666 0.65975 0.4028333333333333 0.38077499999999986
0 0.5331166666666667 0.69825 0.40636666666666654 0.5639750000000001
0 0.7908000000000001 0.699125 0.1842499999999999 0.2469999999999999
0 0.22666666666666666 0.88625 0.45 0.2225
0 0.13090000000000002 0.10362500000000001 0.1977833333333333 0.20725000000000002
0 0.8141666666666667 0.92125 0.36833333333333335 0.1525
0 0.49605 0.213975 0.1739166666666667 0.25170000000000003