0 0.7733333333333333 0.0775 0.45 0.155
0 0.18583333333333332 0.225 0.36833333333333335 0.45
0 0.40290000000000004 0.24680000000000007 0.1948 0.2923500000000001
0 0.74975 0.28870000000000007 0.2989833333333335 0.3136250000000001
0 0.9058666666666666 0.33307500000000007 0.18825000000000008 0.2649000000000001
0 0.6424333333333334 0.38405 0.28221666666666656 0.37310000000000004
0 0.5557833333333334 0.589025 0.19225000000000003 0.19557500000000005
0 0.6084833333333334 0.6803 0.17681666666666654 0.1531
0 0.1375 0.705 0.27166666666666667 0.39
0 0.6599666666666666 0.79785 0.23271666666666666 0.13817499999999996
0 0.885 0.835 0.23 0.325
0 0.1325 0.88875 0.26166666666666666 0.2175
0 0.73 0.9075 0.26666666666666666 0.18