0 0.7711666666666668 0.265875 0.3311666666666667 0.24299999999999997
0 0.9591666666666666 0.41875 0.07833333333333334 0.2325
0 0.9059166666666666 0.45655 0.07416666666666667 0.18685000000000002
0 0.7592833333333334 0.4675 0.2840833333333334 0.29
0 0.18561666666666649 0.6448 0.2230833333333332 0.18210000000000007
0 0.37035000000000007 0.0661 0.1838833333333332 0.1322
0 0.2553666666666667 0.85955 0.18724999999999986 0.11782499999999999
0 0.26416666666666666 0.9425 0.135 0.11
0 0.07333333333333333 0.975 0.14666666666666667 0.045
0 0.9425 0.92125 0.115 0.1525
0 0.6616666666666666 0.96125 0.48 0.0725
0 0.39808333333333334 0.21085 0.1814833333333335 0.23295000000000002