0 0.19271666666666665 0.31245 0.19528333333333345 0.2549
0 0.38958333333333334 0.3934 0.09848333333333338 0.22305000000000008
0 0.7157333333333333 0.40092500000000003 0.4621500000000001 0.288075
0 0.06166666666666667 0.4175 0.12 0.23
0 0.2962666666666667 0.05344999999999999 0.16843333333333324 0.106875
0 0.8855666666666667 0.5991 0.2273666666666668 0.3469749999999999
0 0.686 0.0611 0.10149999999999997 0.1222
0 0.7975 0.66 0.40166666666666667 0.385
0 0.4668833333333333 0.69825 0.40636666666666654 0.5639750000000001
0 0.20919999999999997 0.699125 0.1842499999999999 0.2469999999999999
0 0.7733333333333333 0.88625 0.45 0.2225
0 0.8691000000000001 0.10362500000000001 0.19778333333333345 0.20725000000000002
0 0.18583333333333332 0.92125 0.36833333333333335 0.1525
0 0.50395 0.213975 0.1739166666666667 0.25170000000000003