0 0.22883333333333325 0.265875 0.3311666666666667 0.24299999999999997
0 0.04 0.4175 0.08 0.23
0 0.09408333333333341 0.45655 0.07416666666666667 0.18685000000000002
0 0.24071666666666658 0.4675 0.2840833333333334 0.29
0 0.8143833333333336 0.6448 0.2230833333333332 0.18210000000000007
0 0.6296499999999999 0.0661 0.1838833333333332 0.1322
0 0.7446333333333333 0.85955 0.18724999999999986 0.11782499999999999
0 0.7358333333333333 0.9425 0.135 0.11
0 0.9258333333333333 0.97625 0.145 0.0475
0 0.0575 0.92125 0.115 0.1525
0 0.3383333333333333 0.96125 0.48 0.0725
0 0.6019166666666667 0.21085 0.1814833333333335 0.23295000000000002