0 0.7175 0.045 0.19166666666666668 0.09
0 0.365 0.1625 0.27 0.325
0 0.84485 0.14715000000000003 0.13906666666666656 0.16764999999999985
0 0.7734666666666666 0.3068000000000001 0.1348 0.22860000000000014
0 0.9266666666666666 0.34 0.14333333333333334 0.17
0 0.6277833333333334 0.48564999999999997 0.16845000000000007 0.41125
0 0.4425333333333333 0.5969 0.13685000000000003 0.34215000000000034
0 0.73945 0.7394499999999999 0.08598333333333338 0.2438499999999999
0 0.5410166666666667 0.7706999999999999 0.22451666666666673 0.1813499999999999
0 0.915 0.8875 0.17 0.215
0 0.31548333333333334 0.9003999999999999 0.12439999999999998 0.19915000000000022