0 0.8245140388768899 0.02702702702702703 0.1695464362850972 0.05405405405405406
0 0.6663066954643628 0.06006006006006006 0.14038876889848811 0.12012012012012012
0 0.3930885529157667 0.07507507507507508 0.1857451403887689 0.15015015015015015
0 0.24028077753779697 0.17417417417417416 0.1717062634989201 0.3483483483483483
0 0.9875809935205183 0.14864864864864866 0.02267818574514039 0.21921921921921922
0 0.9536285097192224 0.24153153153153156 0.0729697624190064 0.19840840840840857
0 0.5047624190064796 0.2528528528528528 0.08257019438444928 0.1921921921921922
0 0.08585313174946005 0.34684684684684686 0.1695464362850972 0.5435435435435435
0 0.6161771058315334 0.3928228228228228 0.07978401727861782 0.21990990990990997
0 0.9643628509719222 0.5585585585585585 0.06911447084233262 0.24624624624624625
0 0.6838984881209503 0.7966966966966965 0.17713822894168488 0.34774774774774764
0 0.9508639308855291 0.8093093093093093 0.09827213822894168 0.37537537537537535