0 0.015625 0.06296296296296296 0.029166666666666667 0.11481481481481481
0 0.11328125 0.08311111111111111 0.12355208333333323 0.16518518518518527
0 0.6206458333333332 0.14212962962962963 0.2100104166666668 0.18268518518518537
0 0.08020833333333334 0.2324074074074074 0.15833333333333333 0.4648148148148148
0 0.5138125 0.2448148148148149 0.13202083333333334 0.1763888888888889
0 0.27754166666666674 0.3191666666666667 0.1640833333333333 0.19285185185185202
0 0.7896354166666666 0.3898333333333333 0.1279687499999999 0.2124814814814815
0 0.20165625000000004 0.4014814814814814 0.0956145833333333 0.23575925925925917
0 0.003125 0.4101851851851852 0.004166666666666667 0.48703703703703705
0 0.01875 0.562962962962963 0.035416666666666666 0.4777777777777778
0 0.2015625 0.6444444444444445 0.4010416666666667 0.6296296296296297