0 0.3069330453563715 0.3312012012012012 0.11199784017278622 0.3128228228228228
0 0.19206263498920076 0.3537237237237237 0.10909287257019437 0.38792792792792796
0 0.09017278617710583 0.5540540540540541 0.18034557235421167 0.2672672672672673
0 0.4005183585313176 0.5716816816816817 0.09967602591792676 0.2881081081081081
0 0.3609179265658748 0.7003903903903903 0.11630669546436266 0.44462462462462465
0 0.0183585313174946 0.07657657657657657 0.0367170626349892 0.15315315315315314
0 0.9260259179265659 0.7837837837837838 0.14578833693304535 0.34234234234234234
0 0.01565874730021598 0.8123123123123123 0.03131749460043196 0.15915915915915915
0 0.17548596112311016 0.8678678678678678 0.1695464362850972 0.25825825825825827
0 0.03509719222462203 0.918918918918919 0.07019438444924406 0.15015015015015015
0 0.33369330453563717 0.8888888888888888 0.14038876889848811 0.21621621621621623
0 0.6069114470842333 0.9129129129129129 0.1857451403887689 0.16816816816816818
0 0.759719222462203 0.9519519519519519 0.1717062634989201 0.09009009009009009
0 0.4946004319654428 0.12312312312312312 0.16846652267818574 0.24624624624624625
0 0.8263606911447084 0.22381381381381382 0.19110151187904972 0.25306306306306303
0 0.007019438444924406 0.23123123123123124 0.014038876889848811 0.2822822822822823
0 0.5819222462203023 0.2706906906906907 0.09041036717062613 0.22663663663663663