0 0.6930669546436284 0.3312012012012012 0.11199784017278622 0.3128228228228228
0 0.8079373650107993 0.3537237237237237 0.10909287257019437 0.38792792792792796
0 0.9092872570194385 0.5555555555555556 0.17926565874730022 0.2702702702702703
0 0.5994816414686824 0.5716816816816817 0.09967602591792676 0.2881081081081081
0 0.6390820734341253 0.7003903903903903 0.11630669546436266 0.44462462462462465
0 0.9811015118790497 0.07807807807807808 0.035637149028077755 0.15615615615615616
0 0.07397408207343413 0.7837837837837838 0.14578833693304535 0.34234234234234234
0 0.9838012958963283 0.8138138138138138 0.03023758099352052 0.16216216216216217
0 0.8245140388768899 0.8678678678678678 0.1695464362850972 0.25825825825825827
0 0.9643628509719222 0.9204204204204204 0.06911447084233262 0.15315315315315314
0 0.6663066954643628 0.8888888888888888 0.14038876889848811 0.21621621621621623
0 0.3930885529157667 0.9129129129129129 0.1857451403887689 0.16816816816816818
0 0.24028077753779697 0.9519519519519519 0.1717062634989201 0.09009009009009009
0 0.5053995680345572 0.12312312312312312 0.16846652267818574 0.24624624624624625
0 0.17363930885529152 0.22381381381381382 0.19110151187904972 0.25306306306306303
0 0.9924406047516199 0.23273273273273273 0.012958963282937365 0.2852852852852853
0 0.41807775377969775 0.2706906906906907 0.09041036717062613 0.22663663663663663