0 0.18409375000000003 0.2646111111111111 0.041447916666666626 0.09957407407407404
0 0.5825416666666666 0.28629629629629627 0.04812500000000005 0.06888888888888887
0 0.3306458333333333 0.31144444444444447 0.07273958333333326 0.08214814814814818
0 0.47155208333333337 0.3995740740740741 0.15700000000000003 0.12612962962962965
0 0.2159479166666666 0.4310740740740741 0.17417708333333337 0.15207407407407408
0 0.3897083333333333 0.439 0.09001041666666675 0.13620370370370363
0 0.7521458333333333 0.4778888888888889 0.07680208333333335 0.09229629629629635
0 0.45979166666666665 0.49007407407407405 0.05255208333333338 0.06372222222222217
0 0.6663125000000001 0.551462962962963 0.06808333333333347 0.12303703703703693
0 0.5725729166666668 0.6086296296296296 0.05913541666666665 0.11037037037037041
0 0.2393125 0.6732222222222223 0.32088541666666665 0.3242407407407408
0 0.5212291666666666 0.7237407407407407 0.09115625 0.13425925925925927
0 0.6709270833333333 0.7351296296296297 0.1392083333333332 0.16231481481481477
0 0.8134479166666666 0.7732407407407408 0.0684479166666667 0.15387037037037044
0 0.4310833333333334 0.7997037037037037 0.17840625 0.14331481481481478
0 0.09958333333333336 0.833574074074074 0.09141666666666666 0.12638888888888888
0 0.30878124999999995 0.8481111111111111 0.11944791666666674 0.11846296296296302
0 0.38822916666666674 0.8706111111111111 0.06174999999999997 0.13700000000000004
0 0.08020833333333334 0.9824074074074074 0.15833333333333333 0.03148148148148148
0 0.3077395833333333 0.16987037037037037 0.1007083333333334 0.06883333333333332