0 0.17548596112311016 0.02702702702702703 0.1695464362850972 0.05405405405405406
0 0.33369330453563717 0.06006006006006006 0.14038876889848811 0.12012012012012012
0 0.6069114470842333 0.07507507507507508 0.1857451403887689 0.15015015015015015
0 0.759719222462203 0.17417417417417416 0.1717062634989201 0.3483483483483483
0 0.011879049676025918 0.14714714714714713 0.023758099352051837 0.21621621621621623
0 0.0463714902807776 0.24153153153153156 0.0729697624190064 0.19840840840840857
0 0.49523758099352044 0.2528528528528528 0.08257019438444928 0.1921921921921922
0 0.9141468682505399 0.34684684684684686 0.1695464362850972 0.5435435435435435
0 0.3838228941684666 0.3928228228228228 0.07978401727861782 0.21990990990990997
0 0.03509719222462203 0.5570570570570571 0.07019438444924406 0.24324324324324326
0 0.3161015118790497 0.7966966966966965 0.17713822894168488 0.34774774774774764
0 0.04913606911447084 0.8093093093093093 0.09827213822894168 0.37537537537537535